version https://git-lfs.github.com/spec/v1
oid sha256:85a93cc5fc3813af735a146b4ef6ca4052b4aa39e33e58d4e520652d8fcd0fcb
size 7303846
